LTIM 6,149.30 6,205.00 55.70 0.91 6,205.00 10,493 6.51 56,544.36 6,442.00 4,513.55
POWERGRID 331.25 333.05 1.80 0.54 333.05 83,097 2.77 1,50,504.70 362.50 189.12
BPCL 360.70 362.35 1.65 0.46 362.35 36,267 1.31 70,518.07 367.20 165.73
COALINDIA 497.00 499.00 2.00 0.40 499.00 32,484 1.62 1,13,372.02 543.55 247.50
BHARTIARTL 1,547.20 1,552.80 5.60 0.36 1,552.80 34,328 5.33 4,13,409.60 1,608.40 858.40
SHRIRAMFIN 3,245.50 3,253.90 8.40 0.26 3,253.90 1,356 0.44 90,417.29 3,294.00 1,760.85
INDUSINDBK 1,422.90 1,426.45 3.55 0.25 1,426.45 3,505 0.50 94,415.06 1,694.50 1,329.20
ITC 511.20 512.00 0.80 0.16 512.00 20,300 1.04 4,73,113.76 515.95 399.35
NESTLEIND 2,504.90 2,508.60 3.70 0.15 2,508.60 1,104 0.28 89,505.60 2,769.30 2,175.46
BAJFINANCE 7,244.90 7,255.55 10.65 0.15 7,255.55 2,530 1.84 2,01,529.73 8,192.00 6,187.80
TATASTEEL 151.72 151.94 0.22 0.15 151.94 67,065 1.02 1,25,259.46 184.60 114.60
ADANIENT 3,015.35 3,019.00 3.65 0.12 3,019.00 4,306 1.30 78,974.72 3,743.90 2,142.00
DIVISLAB 5,120.90 5,127.00 6.10 0.12 5,127.00 229 0.12 65,077.82 5,164.45 3,295.30
DRREDDY 6,695.75 6,698.90 3.15 0.05 6,698.90 2,208 1.48 81,616.06 7,107.45 5,205.55
ONGC 311.40 311.50 0.10 0.03 311.50 32,820 1.02 1,21,481.47 345.00 179.90
ADANIPORTS 1,465.55 1,465.60 0.05 0.00 1,465.60 2,549 0.37 1,07,596.52 1,621.40 754.50
JSWSTEEL 925.45 925.45 0.00 0.00 925.45 1,951 0.18 88,267.44 968.90 723.00
BAJAJ-AUTO 10,855.75 10,855.75 0.00 0.00 10,855.75 505 0.55 1,21,162.90 11,154.10 4,635.35
CIPLA 1,627.75 1,627.75 0.00 0.00 1,627.75 1,088 0.18 85,440.24 1,681.60 1,132.00
APOLLOHOSP 6,934.30 6,934.30 0.00 0.00 6,934.30 702 0.49 69,739.87 7,044.00 4,726.00
WIPRO 524.85 524.85 0.00 0.00 524.85 7,678 0.40 74,171.92 579.90 375.05
TECHM 1,639.50 1,639.50 0.00 0.00 1,639.50 978 0.16 1,04,105.76 1,665.00 1,098.15
NTPC 403.25 403.25 0.00 0.00 403.25 9,497 0.38 1,91,480.07 426.30 227.75
M&M 2,723.10 2,723.00 -0.10 -0.00 2,723.00 3,996 1.09 2,63,924.07 3,013.50 1,450.00
ASIANPAINT 3,238.25 3,238.00 -0.25 -0.01 3,238.00 1,115 0.36 1,45,976.47 3,422.95 2,670.10
RELIANCE 2,985.95 2,985.00 -0.95 -0.03 2,985.00 53,076 15.84 10,11,827.90 3,217.60 2,220.30
TATAMOTORS 1,069.15 1,068.80 -0.35 -0.03 1,068.80 20,238 2.16 2,24,207.70 1,179.00 605.60
TCS 4,475.95 4,473.95 -2.00 -0.04 4,473.95 14,925 6.68 4,54,865.96 4,592.25 3,311.00
BAJAJFINSV 1,864.95 1,864.00 -0.95 -0.05 1,864.00 3,872 0.72 1,01,249.77 1,879.70 1,419.05
TATACONSUM 1,188.65 1,188.00 -0.65 -0.05 1,188.00 3,138 0.37 77,537.97 1,256.44 834.70
BRITANNIA 5,850.00 5,846.70 -3.30 -0.06 5,846.70 191 0.11 69,092.11 6,005.00 4,347.70
GRASIM 2,741.60 2,740.00 -1.60 -0.06 2,740.00 411 0.11 1,01,037.05 2,877.75 1,817.00
EICHERMOT 4,800.10 4,794.70 -5.40 -0.11 4,794.70 380 0.18 65,774.57 5,058.90 3,275.00
HCLTECH 1,790.55 1,788.00 -2.55 -0.14 1,788.00 18,585 3.32 1,89,927.79 1,817.15 1,208.55
TITAN 3,722.85 3,714.95 -7.90 -0.21 3,714.95 3,162 1.17 1,55,220.53 3,886.95 3,055.65
HDFCLIFE 751.85 750.00 -1.85 -0.25 750.00 8,621 0.65 79,262.18 761.20 511.40
HEROMOTOCO 5,734.20 5,720.00 -14.20 -0.25 5,720.00 658 0.38 74,482.59 5,894.55 2,916.85
LT 3,624.15 3,615.10 -9.05 -0.25 3,615.10 4,077 1.47 4,23,670.30 3,919.90 2,712.00
HINDALCO 669.95 668.25 -1.70 -0.25 668.25 6,624 0.44 97,764.03 715.25 448.75
HINDUNILVR 2,838.45 2,828.10 -10.35 -0.36 2,828.10 5,045 1.43 2,52,875.93 2,855.00 2,172.05
ULTRACEMCO 11,542.65 11,500.00 -42.65 -0.37 11,500.00 586 0.67 1,33,170.30 12,078.00 8,045.05
SUNPHARMA 1,826.50 1,819.55 -6.95 -0.38 1,819.55 1,331 0.24 1,97,050.78 1,843.90 1,068.35
AXISBANK 1,180.55 1,176.00 -4.55 -0.39 1,176.00 5,162 0.61 3,35,693.98 1,339.65 951.40
MARUTI 12,298.60 12,250.00 -48.60 -0.40 12,250.00 394 0.48 1,62,420.37 13,680.00 9,737.65
HDFCBANK 1,645.45 1,638.30 -7.15 -0.43 1,638.30 1,23,081 20.16 12,41,047.22 1,794.00 1,363.55
SBILIFE 1,907.85 1,898.10 -9.75 -0.51 1,898.10 492 0.09 85,970.74 1,936.00 1,264.35
INFY 1,933.15 1,922.00 -11.15 -0.58 1,922.00 59,442 11.42 6,98,268.64 1,975.75 1,351.65
KOTAKBANK 1,777.95 1,767.55 -10.40 -0.58 1,767.55 23,085 4.08 2,61,580.93 1,926.50 1,543.85
ICICIBANK 1,235.95 1,225.95 -10.00 -0.81 1,225.95 1,48,257 18.18 8,70,152.40 1,257.80 899.00
SBIN 818.75 811.50 -7.25 -0.89 811.50 1,26,102 10.23 3,13,914.32 912.00 543.20
Total 9,93,086 13,196.26 1,11,55,67,106.03
